file	format	type	num_seqs	sum_len	min_len	avg_len	max_len	Q1	Q2	Q3	sum_gap	N50	Q20(%)	Q30(%)	GC(%)
07add453-ffca-4924-a302-c096301ffde9_1_downsampled.fq	FASTQ	DNA	957,156	125,000,080	50	130.6	151	112	151	151	0	151	97.73	93.7	49.19
07add453-ffca-4924-a302-c096301ffde9_2_downsampled.fq	FASTQ	DNA	957,156	124,882,053	50	130.5	151	112	151	151	0	151	97	92.37	49.32
15ac3698-a8e9-48f5-b122-1b74699b03d2_1_downsampled.fq	FASTQ	DNA	897,483	125,000,017	50	139.3	151	151	151	151	0	151	97.26	92.55	51.03
15ac3698-a8e9-48f5-b122-1b74699b03d2_2_downsampled.fq	FASTQ	DNA	897,483	124,912,869	50	139.2	151	151	151	151	0	151	96.35	91.13	51.24
15ba9271-7b15-43ff-a231-26f2de67919c_1_downsampled.fq	FASTQ	DNA	900,590	125,000,042	50	138.8	151	151	151	151	0	151	96.57	90.83	51.09
15ba9271-7b15-43ff-a231-26f2de67919c_2_downsampled.fq	FASTQ	DNA	900,590	124,853,163	50	138.6	151	151	151	151	0	151	97.29	92.65	51.17
38a84588-0478-41de-9224-3dcef239320a_1_downsampled.fq	FASTQ	DNA	920,657	125,000,124	50	135.8	151	133	151	151	0	151	97.57	93.31	50.56
38a84588-0478-41de-9224-3dcef239320a_2_downsampled.fq	FASTQ	DNA	920,657	124,856,777	50	135.6	151	132	151	151	0	151	96.92	92.18	50.69
43332e51-50f6-4f48-b6eb-18d858140b0b_1_downsampled.fq	FASTQ	DNA	893,019	125,000,103	50	140	151	151	151	151	0	151	97.29	92.63	51.18
43332e51-50f6-4f48-b6eb-18d858140b0b_2_downsampled.fq	FASTQ	DNA	893,019	124,932,899	50	139.9	151	151	151	151	0	151	96.16	90.77	51.41
76cdc62c-0ff9-4cfa-abe1-182f84668cda_1_downsampled.fq	FASTQ	DNA	913,065	125,000,074	50	136.9	151	140	151	151	0	151	97.58	93.31	51.04
76cdc62c-0ff9-4cfa-abe1-182f84668cda_2_downsampled.fq	FASTQ	DNA	913,065	124,903,152	50	136.8	151	139	151	151	0	151	96.43	91.32	51.23
8579efa7-d8b8-44e5-b0d2-3bf90b198bfd_1_downsampled.fq	FASTQ	DNA	899,103	125,000,009	50	139	151	151	151	151	0	151	97.41	92.92	51.11
8579efa7-d8b8-44e5-b0d2-3bf90b198bfd_2_downsampled.fq	FASTQ	DNA	899,103	124,928,124	50	138.9	151	151	151	151	0	151	96.05	90.62	51.36
9e22ff9d-24e3-472a-8f16-db6e80e4c0d5_1_downsampled.fq	FASTQ	DNA	901,152	125,000,054	50	138.7	151	151	151	151	0	151	97.72	93.61	51.14
9e22ff9d-24e3-472a-8f16-db6e80e4c0d5_2_downsampled.fq	FASTQ	DNA	901,152	124,917,669	50	138.6	151	151	151	151	0	151	96.7	91.68	51.27
c45fb6aa-c927-4bd7-b6fd-0bece43bbb1b_1_downsampled.fq	FASTQ	DNA	900,579	125,000,037	50	138.8	151	151	151	151	0	151	97.29	92.67	51.19
c45fb6aa-c927-4bd7-b6fd-0bece43bbb1b_2_downsampled.fq	FASTQ	DNA	900,579	124,895,836	50	138.7	151	151	151	151	0	151	96.06	90.62	51.39
c8dc6413-100c-49a9-b86b-4de5423500d6_1_downsampled.fq	FASTQ	DNA	894,008	125,000,042	50	139.8	151	151	151	151	0	151	97.33	92.76	51.1
c8dc6413-100c-49a9-b86b-4de5423500d6_2_downsampled.fq	FASTQ	DNA	894,008	124,890,941	50	139.7	151	151	151	151	0	151	96.19	90.9	51.3
