file	format	type	num_seqs	sum_len	min_len	avg_len	max_len	Q1	Q2	Q3	sum_gap	N50	Q20(%)	Q30(%)	GC(%)
07add453-ffca-4924-a302-c096301ffde9_1_downsampled.fq	FASTQ	DNA	833,334	125,000,100	150	150	150	150	150	150	0	150	98.12	94.47	49.87
07add453-ffca-4924-a302-c096301ffde9_2_downsampled.fq	FASTQ	DNA	833,334	125,000,100	150	150	150	150	150	150	0	150	97.73	93.28	49.9
15ac3698-a8e9-48f5-b122-1b74699b03d2_1_downsampled.fq	FASTQ	DNA	833,334	125,000,100	150	150	150	150	150	150	0	150	98.11	94.47	50.1
15ac3698-a8e9-48f5-b122-1b74699b03d2_2_downsampled.fq	FASTQ	DNA	833,334	125,000,100	150	150	150	150	150	150	0	150	97.32	92.33	50.15
15ba9271-7b15-43ff-a231-26f2de67919c_1_downsampled.fq	FASTQ	DNA	833,334	125,000,100	150	150	150	150	150	150	0	150	98.02	94.28	49.76
15ba9271-7b15-43ff-a231-26f2de67919c_2_downsampled.fq	FASTQ	DNA	833,334	125,000,100	150	150	150	150	150	150	0	150	97.46	92.68	49.81
38a84588-0478-41de-9224-3dcef239320a_1_downsampled.fq	FASTQ	DNA	833,334	125,000,100	150	150	150	150	150	150	0	150	98.15	94.53	49.79
38a84588-0478-41de-9224-3dcef239320a_2_downsampled.fq	FASTQ	DNA	833,334	125,000,100	150	150	150	150	150	150	0	150	97.29	92.25	49.85
43332e51-50f6-4f48-b6eb-18d858140b0b_1_downsampled.fq	FASTQ	DNA	833,334	125,000,100	150	150	150	150	150	150	0	150	98.15	94.57	49.86
43332e51-50f6-4f48-b6eb-18d858140b0b_2_downsampled.fq	FASTQ	DNA	833,334	125,000,100	150	150	150	150	150	150	0	150	97.59	92.9	49.9
76cdc62c-0ff9-4cfa-abe1-182f84668cda_1_downsampled.fq	FASTQ	DNA	833,334	125,000,100	150	150	150	150	150	150	0	150	97.86	93.75	49.41
76cdc62c-0ff9-4cfa-abe1-182f84668cda_2_downsampled.fq	FASTQ	DNA	833,334	125,000,100	150	150	150	150	150	150	0	150	95.44	88.96	50.03
8579efa7-d8b8-44e5-b0d2-3bf90b198bfd_1_downsampled.fq	FASTQ	DNA	833,334	125,000,100	150	150	150	150	150	150	0	150	98.09	94.41	50.05
8579efa7-d8b8-44e5-b0d2-3bf90b198bfd_2_downsampled.fq	FASTQ	DNA	833,334	125,000,100	150	150	150	150	150	150	0	150	97.54	92.82	50.07
9e22ff9d-24e3-472a-8f16-db6e80e4c0d5_1_downsampled.fq	FASTQ	DNA	833,334	125,000,100	150	150	150	150	150	150	0	150	98.21	94.71	50.16
9e22ff9d-24e3-472a-8f16-db6e80e4c0d5_2_downsampled.fq	FASTQ	DNA	833,334	125,000,100	150	150	150	150	150	150	0	150	97.21	91.99	50.2
c45fb6aa-c927-4bd7-b6fd-0bece43bbb1b_1_downsampled.fq	FASTQ	DNA	833,334	125,000,100	150	150	150	150	150	150	0	150	98.12	94.53	49.73
c45fb6aa-c927-4bd7-b6fd-0bece43bbb1b_2_downsampled.fq	FASTQ	DNA	833,334	125,000,100	150	150	150	150	150	150	0	150	97.39	92.48	49.76
c8dc6413-100c-49a9-b86b-4de5423500d6_1_downsampled.fq	FASTQ	DNA	833,334	125,000,100	150	150	150	150	150	150	0	150	98.12	94.49	50.13
c8dc6413-100c-49a9-b86b-4de5423500d6_2_downsampled.fq	FASTQ	DNA	833,334	125,000,100	150	150	150	150	150	150	0	150	96.99	91.62	50.18
